1000.00     295.00      0.00
   50.00     295.00      0.00       4.00       0.00
  100.00     295.00      0.00       4.00       0.00
  150.00     295.00      0.00       4.00       0.00
  200.00     295.00      0.00       4.00       0.00
  300.00     295.00      0.00       4.00       0.00
  400.00     295.00      0.00       4.00       0.00
  500.00     295.00      0.00       4.00       0.00
  600.00     295.00       0.00       4.00       0.00
  700.00     295.00       0.00       4.00       0.00
  800.00     295.00       0.00       4.00       0.00
  900.00     295.00       0.00       4.00       0.00
 1000.00     295.00       0.00       4.00       0.00
 1600.00     295.00       0.00       4.00       0.00
 2600.00     298.50       0.00       4.00       0.00
 3600.00     302.00	  0.00	     4.00 	0.00
 4600.00     305.50	  0.00	     4.00 	0.00
 5600.00     309.00	  0.00 	     4.00 	0.00
