1000.00     297.00      0.00
   50.00     297.00      0.00       3.00       0.00
  100.00     297.00      0.00       3.00       0.00
  150.00     297.00      0.00       3.00       0.00
  200.00     297.00      0.00       3.00       0.00
  300.00     297.00      0.00       3.00       0.00
  400.00     297.00      0.00       3.00       0.00
  500.00     297.00      0.00       3.00       0.00
  600.00     297.00       0.00       3.00       0.00
  700.00     297.00       0.00       3.00       0.00
  800.00     297.00       0.00       3.00       0.00
  900.00     297.00       0.00       3.00       0.00
 1000.00     297.00       0.00       3.00       0.00
 1500.00     307.00       0.00       3.00       0.00
 2000.00     317.00       0.00       3.00       0.00
 3000.00     327.00	  0.00	     3.00 	0.00
 4000.00     337.00	  0.00	     3.00 	0.00
