1000.00     290.00      0.00
   50.00     290.00      0.00       3.00       0.00
  100.00     290.00      0.00       3.00       0.00
  150.00     290.00      0.00       3.00       0.00
  200.00     290.00      0.00       3.00       0.00
  300.00     290.00      0.00       3.00       0.00
  400.00     290.00      0.00       3.00       0.00
  500.00     290.00      0.00       3.00       0.00
  600.00     292.00       0.00       3.00       0.00
  700.00     294.00       0.00       3.00       0.00
  800.00     296.00       0.00       3.00       0.00
  900.00     298.00       0.00       3.00       0.00
 1000.00     300.00       0.00       3.00       0.00
 2000.00     320.00       0.00       3.00       0.00
 3000.00     340.00	  0.00	     3.00 	0.00
 4000.00     360.00	  0.00	     3.00 	0.00
