1000.00     299.00      0.00
   50.00     299.00      0.00       5.00       0.00
  100.00     299.00      0.00       5.00       0.00
  150.00     299.00      0.00       5.00       0.00
  200.00     299.00      0.00       5.00       0.00
  300.00     299.00      0.00       5.00       0.00
  400.00     299.00      0.00       5.00       0.00
  500.00     299.00      0.00       5.00       0.00
  600.00     299.00       0.00       5.00       0.00
  700.00     299.00       0.00       5.00       0.00
  800.00     299.00       0.00       5.00       0.00
  900.00     299.00       0.00       5.00       0.00
 1000.00     299.00       0.00       5.00       0.00
 1500.00     303.00       0.00       5.00       0.00
 2000.00     307.00       0.00       5.00       0.00
 3000.00     315.00	  0.00	     5.00 	0.00
 4000.00     323.00	  0.00	     5.00 	0.00
 5000.00     331.00	  0.00 	     5.00	0.00
