1000.00     299.00      0.00
   50.00     299.00      0.00       7.00       0.00
  100.00     299.00      0.00       7.00       0.00
  150.00     299.00      0.00       7.00       0.00
  200.00     299.00      0.00       7.00       0.00
  300.00     299.00      0.00       7.00       0.00
  400.00     299.00      0.00       7.00       0.00
  500.00     299.00      0.00       7.00       0.00
  600.00     299.00       0.00       7.00       0.00
  700.00     299.00       0.00       7.00       0.00
  800.00     299.00       0.00       7.00       0.00
  900.00     299.00       0.00       7.00       0.00
 1000.00     299.00       0.00       7.00       0.00
 1500.00     299.00       0.00       7.00       0.00
 2500.00     302.00       0.00       7.00       0.00
 3500.00     305.00	  0.00	     7.00 	0.00
 4500.00     308.00	  0.00	     7.00 	0.00
 5500.00     311.00       0.00       7.00       0.00
