1000.00     291.00      0.00
   50.00     291.00      0.00       12.00       0.00
  100.00     291.00      0.00       12.00       0.00
  150.00     291.00      0.00       12.00       0.00
  200.00     291.00      0.00       12.00       0.00
  300.00     291.00      0.00       12.00       0.00
  400.00     291.00      0.00       12.00       0.00
  500.00     291.00      0.00       12.00       0.00
  600.00     291.00       0.00       12.00       0.00
  700.00     291.00       0.00       12.00       0.00
  800.00     291.00       0.00       12.00       0.00
  900.00     291.00       0.00       12.00       0.00
 1000.00     291.00       0.00       12.00       0.00
 1200.00     291.00       0.00       12.00       0.00
 2200.00     297.00       0.00       12.00       0.00
 3200.00     303.00	  0.00	     12.00 	0.00
 4200.00     309.00	  0.00	     12.00 	0.00
 5200.00     315.00       0.00       12.00       0.00
