1000.00     295.00      0.00
   75.00     295.00      0.00       5.00       0.00
  125.00     295.00      0.00       5.00       0.00
  175.00     295.00      0.00       5.00       0.00
  225.00     295.00      0.00       5.00       0.00
  275.00     295.00      0.00       5.00       0.00
  325.00     295.00      0.00       5.00       0.00
  375.00     295.00      0.00       5.00       0.00
  425.00     295.00      0.00       5.00       0.00
  475.00     295.00      0.00       5.00       0.00
  525.00     295.00       0.00       5.00       0.00
  575.00     296.00       0.00       5.00       0.00
  625.00     297.00       0.00       5.00       0.00
  675.00     298.00       0.00       5.00       0.00
  725.00     299.00       0.00       5.00       0.00
  775.00     300.00       0.00       5.00       0.00
  825.00     301.00       0.00       5.00       0.00
  875.00     302.00       0.00       5.00       0.00
  925.00     303.00       0.00       5.00       0.00
  975.00     304.00       0.00       5.00       0.00
 1025.00     305.00       0.00       5.00       0.00
 1075.00     306.00       0.00       5.00       0.00
 1125.00     307.00       0.00       5.00       0.00
 1175.00     308.00       0.00       5.00       0.00
 1225.00     309.00       0.00       5.00       0.00
 1275.00     310.00       0.00       5.00       0.00
 1325.00     311.00       0.00       5.00       0.00
 1375.00     312.00       0.00       5.00       0.00
 1425.00     313.00       0.00       5.00       0.00
 1475.00     314.00       0.00       5.00       0.00
 1525.00     315.00       0.00       5.00       0.00
 1575.00     316.00       0.00       5.00       0.00
 1625.00     317.00       0.00       5.00       0.00
 1675.00     318.00       0.00       5.00       0.00
 1725.00     319.00       0.00       5.00       0.00
 1775.00     320.00       0.00       5.00       0.00
 1825.00     321.00       0.00       5.00       0.00
 1875.00     322.00       0.00       5.00       0.00
 1925.00     323.00       0.00       5.00       0.00
 1975.00     324.00       0.00       5.00       0.00
 2025.00     325.00       0.00       5.00       0.00
 2500.00     326.00	  0.00	     5.00 	0.00
 3000.00     327.00	  0.00	     5.00 	0.00
 3500.00     328.00	  0.00	     5.00 	0.00
